5.109 
3.348 
2.358 
4.446 
6.821 
3.514 
3.951 
2.634 
8.340 
4.070 
6.324 
5.386 
10.851 
4.827 
6.596 
4.520 
8.805 
3.714 
4.323 
10.261 
7.713 
5.895 
7.402 
2.277 
2.382 
0.190 
6.465 
0.724 
5.672 
4.423 
5.356 
5.295 
5.985 
10.337 
2.278 
5.184 
5.107 
4.419 
14.478 
11.651 
3.162 
1.565 
9.799 
-0.117 
1.528 
5.949 
3.612 
1.832 
4.473 
8.767 
3.735 
5.747 
1.142 
3.365 
9.644 
4.899 
12.221 
6.537 
3.049 
9.430 
6.245 
3.880 
10.117 
5.922 
8.102 
4.252 
6.171 
7.844 
3.454 
3.755 
0.665 
4.143 
4.009 
6.406 
3.944 
3.203 
10.720 
9.370 
8.859 
5.939 
7.001 
4.910 
2.639 
4.002 
6.361 
4.664 
5.535 
1.853 
2.836 
5.959 
1.134 
8.026 
6.529 
4.760 
5.808 
2.089 
6.303 
2.687 
2.281 
4.522 
8.656 
7.682 
6.003 
1.310 
6.069 
12.194 
5.691 
4.894 
7.036 
6.149 
4.722 
3.731 
2.744 
4.199 
6.630 
4.190 
6.280 
12.032 
4.473 
3.885 
1.802 
2.956 
-0.157 
5.046 
6.641 
3.084 
2.491 
1.973 
1.983 
4.510 
4.492 
5.667 
4.135 
12.604 
5.250 
3.576 
7.038 
7.088 
7.650 
4.394 
7.401 
2.873 
6.770 
10.007 
2.555 
3.925 
-0.213 
5.586 
8.272 
5.084 
13.638 
6.414 
4.012 
4.529 
4.731 
3.824 
2.723 
4.323 
5.128 
4.513 
4.503 
9.127 
4.149 
3.430 
8.542 
6.018 
3.456 
3.165 
3.164 
5.056 
9.078 
10.904 
0.821 
4.270 
13.029 
1.686 
2.551 
5.319 
4.941 
4.090 
4.794 
2.581 
4.516 
1.259 
6.182 
8.106 
4.196 
5.656 
3.351 
2.507 
7.146 
5.138 
2.132 
5.347 
11.025 
1.537 
3.994 
3.958 
1.154 
2.154 
2.557 
5.605 
1.792 
8.955 
4.429 
5.529 
6.284 
4.528 
7.633 
3.616 
9.989 
8.540 
2.445 
5.586 
5.311 
0.288 
4.436 
15.374 
1.035 
2.564 
5.912 
4.118 
8.477 
4.516 
2.134 
3.615 
7.887 
0.975 
4.426 
9.834 
4.655 
6.238 
9.107 
1.878 
5.858 
9.253 
2.911 
7.833 
2.968 
7.573 
1.248 
3.209 
2.504 
3.928 
5.310 
15.157 
7.370 
8.123 
4.978 
3.523 
6.024 
6.264 
1.416 
0.346 
5.685 
4.072 
5.816 
0.559 
4.065 
3.234 
6.951 
5.122 
4.447 
4.234 
4.798 
3.506 
3.623 
1.499 
7.596 
4.542 
8.652 
3.429 
5.711 
3.299 
8.583 
0.450 
9.984 
15.667 
3.574 
4.415 
7.540 
5.499 
6.847 
5.657 
1.639 
5.625 
5.099 
5.844 
3.823 
7.580 
1.770 
0.438 
3.945 
7.090 
2.468 
-0.388 
10.128 
2.593 
4.086 
2.075 
6.368 
7.150 
6.476 
6.468 
3.049 
3.010 
6.485 
4.110 
5.919 
2.601 
2.140 
3.335 
0.576 
3.641 
7.930 
6.517 
1.692 
3.435 
1.657 
5.248 
5.011 
3.823 
5.359 
3.270 
2.933 
4.204 
4.842 
4.774 
3.033 
5.366 
5.122 
4.562 
15.266 
4.819 
5.447 
10.060 
5.643 
5.613 
2.784 
10.913 
2.215 
6.671 
5.542 
6.358 
8.635 
5.170 
3.016 
7.308 
6.446 
4.913 
4.817 
6.232 
9.938 
11.065 
5.237 
4.268 
2.719 
5.549 
6.598 
5.849 
8.455 
7.794 
5.861 
5.395 
9.848 
3.737 
4.424 
5.829 
5.891 
3.941 
14.418 
8.394 
3.908 
5.404 
-1.755 
7.247 
6.177 
6.935 
10.470 
3.442 
6.293 
10.018 
6.882 
7.857 
7.985 
4.232 
1.322 
2.008 
4.834 
5.692 
9.887 
7.428 
5.310 
4.306 
4.858 
8.124 
6.309 
4.553 
10.980 
9.169 
2.813 
5.343 
6.163 
11.014 
5.368 
4.579 
3.665 
12.662 
4.707 
6.072 
2.508 
12.261 
6.621 
5.897 
3.714 
2.213 
5.905 
4.490 
8.461 
2.839 
6.270 
15.440 
8.470 
4.509 
5.696 
6.024 
2.195 
4.654 
4.640 
3.742 
6.250 
10.867 
3.956 
10.187 
3.322 
2.947 
1.466 
14.358 
7.289 
4.891 
3.930 
2.958 
7.133 
4.215 
12.989 
5.643 
1.553 
1.419 
4.360 
4.945 
5.099 
2.971 
5.629 
4.119 
3.083 
5.357 
0.875 
3.893 
4.383 
4.408 
6.939 
4.444 
2.460 
1.997 
2.229 
3.130 
0.320 
1.118 
2.610 
10.319 
5.596 
5.551 
7.561 
1.164 
6.045 
4.937 
17.443 
-0.272 
3.765 
4.642 
9.270 
6.279 
1.482 
3.237 
6.050 
3.600 
2.329 
5.167 
6.923 
2.735 
0.605 
4.882 
2.293 
6.567 
3.887 
3.729 
4.718 
3.015 
7.933 
3.943 
4.768 
11.776 
6.250 
15.568 
6.851 
1.327 
8.345 
8.055 
8.182 
3.991 
5.881 
5.502 
4.025 
6.925 
4.544 
3.194 
2.636 
2.972 
-0.483 
3.993 
7.572 
2.359 
4.436 
6.222 
5.213 
3.257 
5.274 
5.287 
5.127 
4.949 
4.476 
1.276 
6.404 
2.521 
1.697 
5.122 
0.330 
7.346 
5.100 
9.570 
10.222 
5.316 
6.586 
6.688 
7.456 
5.346 
4.947 
3.444 
7.060 
7.414 
7.353 
9.085 
6.503 
6.191 
7.152 
5.592 
5.736 
13.875 
3.830 
4.043 
9.197 
7.911 
2.220 
3.774 
1.907 
4.619 
6.385 
5.740 
5.057 
6.512 
5.507 
7.253 
6.912 
3.836 
3.569 
6.967 
6.181 
4.434 
3.980 
4.918 
4.828 
-0.157 
5.155 
7.062 
6.782 
14.958 
6.592 
2.432 
4.268 
5.874 
4.507 
9.466 
1.519 
3.555 
0.591 
6.060 
4.537 
4.305 
4.359 
1.011 
11.264 
4.656 
6.791 
3.600 
6.342 
6.376 
8.698 
3.505 
3.462 
5.425 
1.750 
2.312 
7.400 
5.137 
4.630 
3.349 
6.609 
10.021 
9.354 
6.293 
5.632 
2.937 
0.994 
3.906 
3.963 
8.413 
4.058 
5.122 
5.407 
1.946 
7.448 
4.139 
14.489 
11.070 
3.667 
3.883 
5.707 
4.385 
4.188 
1.272 
5.188 
2.865 
5.027 
1.524 
6.196 
1.736 
4.535 
6.788 
5.030 
6.836 
4.607 
1.164 
0.248 
1.788 
5.988 
3.193 
3.449 
2.319 
7.613 
1.397 
2.070 
4.744 
2.411 
5.819 
2.327 
6.363 
3.875 
7.279 
1.858 
2.414 
3.066 
2.863 
3.280 
6.329 
4.671 
6.131 
6.011 
3.474 
15.055 
8.118 
2.421 
4.055 
10.105 
4.219 
6.191 
5.226 
4.578 
4.462 
6.570 
12.775 
2.842 
5.500 
4.669 
11.650 
0.669 
4.805 
5.638 
4.706 
4.189 
0.845 
4.568 
10.009 
4.222 
5.115 
2.466 
7.136 
10.214 
6.109 
0.713 
11.813 
4.641 
1.089 
4.735 
6.261 
5.160 
3.398 
8.448 
4.131 
3.615 
4.320 
8.961 
3.137 
3.263 
3.325 
2.751 
5.065 
10.174 
8.978 
6.908 
2.689 
4.009 
12.345 
6.564 
5.316 
6.396 
6.358 
3.403 
9.002 
7.961 
7.607 
7.903 
4.467 
3.178 
14.526 
6.280 
7.497 
7.015 
5.506 
5.442 
2.668 
8.331 
7.439 
6.252 
3.175 
5.881 
5.538 
3.300 
5.936 
6.833 
10.326 
7.228 
0.121 
4.476 
4.297 
5.657 
7.879 
5.087 
4.068 
9.726 
7.416 
1.884 
5.095 
1.709 
19.950 
5.674 
10.127 
7.862 
4.121 
3.013 
6.029 
3.529 
12.203 
5.715 
-0.974 
5.354 
6.974 
8.157 
5.815 
5.742 
4.088 
5.292 
10.093 
7.857 
3.045 
4.165 
2.825 
4.189 
0.852 
4.231 
4.975 
5.115 
2.886 
5.300 
2.008 
1.662 
5.074 
6.094 
2.955 
1.363 
8.587 
3.550 
4.235 
3.420 
7.002 
1.869 
5.406 
5.817 
4.225 
8.237 
9.473 
9.001 
9.294 
6.995 
8.392 
6.549 
1.676 
4.836 
6.433 
4.754 
6.698 
2.701 
3.282 
0.262 
3.008 
4.946 
7.183 
5.825 
8.074 
12.285 
3.345 
5.757 
6.163 
7.533 
0.762 
2.942 
5.716 
2.058 
6.645 
2.786 
5.993 
3.779 
15.621 
4.457 
5.465 
7.719 
3.547 
5.607 
6.801 
2.596 
1.807 
4.235 
1.052 
5.382 
5.087 
2.686 
4.699 
4.915 
10.148 
4.408 
-0.915 
4.544 
1.299 
3.558 
5.895 
1.013 
1.305 
4.400 
11.496 
10.059 
2.989 
3.759 
2.477 
7.059 
10.636 
3.556 
10.876 
4.144 
3.993 
2.734 
9.533 
4.480 
6.834 
7.950 
5.068 
7.762 
3.453 
0.789 
10.212 
0.308 
4.563 
0.888 
1.300 
3.695 
6.237 
4.871 
6.804 
4.323 
10.931 
5.766 
3.881 
3.605 
7.198 
3.326 
1.403 
12.407 
7.185 
3.357 
4.653 
6.289 
7.099 
4.089 
4.405 
0.278 
5.588 
5.056 
2.208 
4.150 
2.517 
2.666 
3.379 
15.483 
2.614 
2.987 
2.064 
3.297 
4.414 
6.120 
8.864 
3.788 
7.205 
1.020 
5.437 
2.095 
6.621 
5.215 
3.441 
2.255 
26.295 
7.244 
1.946 
3.631 
0.151 
6.740 
7.791 
7.770 
5.709 
0.707 
4.764 
3.742 
2.330 
6.941 
2.271 
4.031 
2.118 
2.869 
8.504 
3.855 
4.803 
0.983 
6.004 
8.337 
7.187 
3.293 
5.323 
3.893 
3.917 
6.228 
1.585 
7.270 
13.478 
3.919 
1.701 
4.365 
10.506 
4.673 
7.866 
11.680 
0.649 
4.136 
6.174 
3.329 
7.203 
2.071 
7.006 
-0.647 
2.818 
5.970 
9.709 
6.309 
2.829 
4.999 
4.979 
3.291 
2.351 
5.185 
3.516 
4.319 
14.334 
5.423 
4.995 
7.608 
5.461 
2.308 
3.559 
8.566 
1.197 
4.664 
5.391 
5.345 
5.246 
8.235 
4.343 
2.778 
4.169 
4.569 
6.555 
5.781 
8.527 
4.365 
2.790 
4.230 
2.830 
9.316 
3.905 
11.479 
9.001 
3.303 
7.639 
3.155 
7.514 
3.678 
3.602 
4.779 
7.231 
3.339 
4.805 
6.059 
9.951 
4.219 
3.505 
8.239 
5.005 
3.626 
2.464 
2.612 
3.268 
3.203 
2.398 
1.976 
0.956 
2.335 
6.903 
9.705 
5.496 
14.582 
4.470 
6.728 
6.192 
19.464 
5.648 
11.111 
6.068 
4.909 
3.196 
4.214 
4.140 
4.989 
6.887 
8.409 
2.305 
7.180 
4.436 
5.118 
7.863 
5.228 
1.655 
4.344 
3.225 
5.486 
7.848 
3.618 
7.225 
11.238 
9.939 
10.885 
4.212 
4.804 
4.520 
4.029 
7.991 
0.885 
16.142 
2.913 
6.589 
3.848 
5.241 
8.165 
5.179 
4.059 
15.531 
1.565 
8.273 
23.708 
7.268 
3.002 
6.557 
4.249 
18.216 
1.737 
5.917 
7.296 
6.164 
4.717 
3.103 
2.075 
-0.137 
6.982 
3.875 
10.903 
11.519 
4.554 
7.168 
6.702 
5.229 
4.035 
3.240 
2.576 
6.233 
6.353 
2.403 
5.799 
13.720 
2.558 
4.621 
2.092 
6.235 
4.491 
5.757 
2.868 
3.686 
5.875 
4.023 
5.422 
9.628 
2.365 
2.807 
4.740 
6.728 
5.690 
8.127 
1.381 
5.599 
0.333 
1.248 
9.320 
3.377 
3.624 
6.251 
11.090 
3.669 
5.702 
3.919 
6.586 
7.484 
9.969 
5.822 
9.829 
3.444 
2.325 
9.043 
3.765 
9.633 
5.886 
7.131 
8.909 
5.015 
2.847 
9.052 
2.699 
2.491 
3.598 
4.612 
2.074 
4.998 
3.427 
-0.306 
10.749 
9.352 
4.470 
10.023 
-1.741 
3.174 
3.118 
8.434 
1.390 
5.171 
1.241 
8.124 
8.003 
2.009 
8.947 
1.086 
5.770 
7.866 
11.216 
10.395 
3.444 
11.239 
2.389 
4.969 
4.353 
3.472 
3.792 
2.206 
3.849 
3.826 
3.727 
11.792 
3.783 
5.920 
5.854 
1.972 
8.325 
11.162 
5.629 
1.976 
2.262 
2.799 
7.157 
5.300 
2.834 
5.751 
6.896 
3.737 
4.282 
7.869 
7.460 
3.634 
5.195 
4.119 
15.315 
7.036 
11.612 
4.837 
6.323 
4.842 
6.105 
1.341 
15.613 
8.958 
-0.637 
0.660 
6.246 
1.933 
4.397 
4.358 
10.453 
7.124 
2.849 
4.163 
2.927 
2.877 
1.762 
10.850 
2.305 
7.521 
14.024 
9.407 
3.375 
5.044 
7.042 
9.847 
2.618 
4.441 
13.787 
13.962 
9.282 
2.973 
4.998 
6.880 
7.970 
1.625 
6.748 
7.121 
4.004 
6.005 
5.307 
6.269 
6.868 
7.912 
4.284 
7.133 
4.850 
3.589 
4.719 
2.688 
2.835 
6.955 
10.227 
2.913 
2.514 
4.729 
1.999 
-0.053 
6.799 
5.582 
3.416 
6.293 
2.114 
7.829 
3.363 
5.025 
2.396 
1.393 
3.175 
2.387 
9.953 
4.963 
3.996 
4.164 
8.589 
9.980 
11.477 
4.181 
8.941 
6.508 
4.553 
0.380 
5.907 
3.155 
4.172 
5.281 
3.531 
4.272 
1.783 
7.386 
5.407 
10.055 
4.952 
6.601 
4.171 
5.811 
7.000 
0.859 
4.918 
8.554 
4.036 
4.099 
8.921 
5.946 
2.910 
7.305 
12.499 
12.142 
2.586 
4.568 
11.947 
0.854 
6.302 
14.890 
5.346 
8.094 
9.017 
4.764 
4.185 
3.082 
6.274 
1.972 
5.977 
5.379 
8.606 
7.668 
2.181 
9.897 
4.717 
5.011 
3.593 
1.878 
3.433 
4.372 
4.123 
8.946 
2.839 
-0.158 
5.699 
3.190 
6.199 
4.072 
4.637 
6.461 
4.141 
5.534 
5.734 
2.029 
9.584 
8.416 
10.228 
3.864 
3.390 
7.376 
5.235 
5.018 
3.831 
3.547 
4.003 
5.144 
5.701 
6.908 
7.746 
5.982 
3.309 
1.287 
7.201 
2.831 
9.902 
18.872 
6.722 
2.659 
9.550 
5.137 
1.347 
5.076 
7.242 
8.656 
4.975 
12.465 
4.171 
4.630 
6.094 
2.343 
6.288 
4.548 
6.727 
5.359 
5.649 
8.631 
-1.428 
12.295 
5.560 
6.472 
6.121 
3.935 
6.405 
3.819 
7.863 
6.813 
3.040 
5.633 
8.850 
3.450 
8.437 
2.275 
4.918 
5.226 
7.215 
5.221 
5.682 
9.376 
17.605 
13.708 
4.269 
3.852 
10.082 
7.663 
5.931 
2.573 
6.608 
3.081 
5.796 
6.161 
7.392 
3.768 
3.202 
5.817 
2.331 
8.709 
3.328 
3.787 
7.363 
5.176 
7.473 
18.385 
4.736 
10.028 
0.208 
4.098 
4.794 
0.824 
1.809 
0.071 
0.781 
3.475 
2.233 
4.417 
2.591 
9.083 
5.036 
3.447 
4.029 
7.988 
1.763 
3.270 
1.799 
1.795 
8.308 
13.033 
1.988 
1.753 
10.837 
6.239 
5.333 
1.648 
4.396 
9.020 
2.151 
1.174 
5.008 
6.640 
2.737 
9.669 
3.505 
3.697 
4.471 
7.541 
1.454 
2.866 
6.321 
2.723 
9.395 
4.570 
2.614 
4.796 
5.590 
1.298 
6.286 
6.052 
5.293 
5.299 
6.951 
2.893 
3.025 
0.013 
7.687 
5.430 
5.690 
5.875 
8.813 
8.013 
2.292 
3.566 
3.665 
2.790 
8.169 
4.461 
4.794 
1.614 
3.241 
4.615 
3.754 
6.387 
6.058 
6.788 
4.015 
5.548 
6.705 
8.633 
3.966 
3.789 
5.380 
6.716 
5.659 
11.336 
2.552 
2.257 
4.594 
1.966 
8.611 
9.776 
9.825 
7.204 
7.839 
3.872 
4.470 
4.305 
3.241 
4.681 
2.695 
4.166 
12.588 
8.078 
3.219 
4.635 
0.869 
2.891 
2.284 
5.668 
6.496 
0.937 
2.455 
3.313 
2.346 
7.628 
4.360 
4.599 
4.446 
4.858 
17.044 
3.115 
7.277 
4.698 
4.194 
3.898 
3.761 
7.928 
6.147 
4.893 
5.967 
8.706 
18.452 
2.137 
8.700 
5.597 
9.192 
14.336 
9.267 
1.058 
5.196 
5.032 
10.766 
6.610 
7.575 
6.833 
9.471 
5.966 
5.051 
5.442 
1.895 
2.763 
8.489 
4.042 
10.568 
12.149 
4.421 
4.802 
2.770 
4.668 
5.971 
10.206 
4.862 
1.607 
4.445 
3.477 
4.912 
2.993 
12.555 
3.131 
6.313 
3.679 
5.035 
3.814 
9.212 
2.814 
12.382 
5.389 
2.720 
2.996 
6.617 
1.545 
10.138 
5.714 
0.856 
4.450 
5.530 
2.617 
3.343 
8.740 
3.735 
5.945 
9.141 
6.071 
-0.371 
3.813 
6.220 
4.336 
5.138 
6.306 
6.529 
8.952 
7.712 
7.386 
4.935 
3.858 
6.484 
6.741 
6.137 
4.002 
7.122 
3.285 
5.732 
1.032 
-0.076 
3.166 
6.805 
7.634 
1.719 
4.528 
2.201 
5.360 
8.102 
7.865 
4.335 
8.318 
4.209 
6.531 
11.306 
1.189 
9.643 
4.977 
10.664 
4.743 
3.722 
7.753 
4.926 
7.580 
5.226 
7.264 
5.677 
9.572 
7.468 
5.230 
4.007 
2.192 
5.755 
2.434 
3.771 
7.447 
6.475 
5.109 
15.382 
1.811 
5.854 
7.586 
9.418 
2.952 
5.022 
4.837 
4.250 
7.135 
3.623 
1.398 
0.155 
3.226 
9.553 
16.865 
8.946 
5.321 
5.185 
5.866 
3.286 
5.166 
1.437 
5.829 
4.353 
2.381 
9.533 
3.677 
4.777 
6.002 
2.923 
4.247 
12.197 
4.577 
3.534 
0.986 
5.301 
3.116 
5.870 
4.521 
3.366 
4.927 
2.544 
5.208 
9.632 
4.323 
5.701 
3.068 
6.328 
4.516 
7.780 
5.962 
5.999 
5.738 
4.708 
3.246 
2.867 
4.775 
10.013 
4.348 
14.536 
13.258 
1.830 
7.015 
26.263 
7.093 
5.589 
2.564 
10.365 
6.664 
4.473 
4.079 
2.768 
4.223 
1.276 
5.954 
4.340 
6.255 
4.305 
11.890 
-0.349 
3.418 
3.209 
4.973 
4.508 
4.556 
8.217 
4.350 
9.110 
3.051 
5.304 
3.220 
2.580 
2.624 
7.591 
4.079 
3.738 
6.451 
6.543 
6.612 
5.247 
2.517 
7.736 
2.142 
3.398 
8.824 
4.419 
0.382 
5.838 
1.810 
5.654 
8.100 
2.862 
4.122 
5.476 
0.789 
2.131 
5.477 
3.905 
6.183 
4.308 
3.953 
5.143 
3.666 
3.922 
12.937 
9.720 
3.638 
1.675 
5.453 
2.422 
11.081 
3.847 
8.705 
3.029 
7.110 
5.968 
4.499 
2.616 
6.974 
6.346 
1.850 
1.177 
4.811 
6.686 
3.865 
2.768 
15.996 
2.034 
5.210 
-1.414 
10.772 
7.188 
3.429 
5.689 
12.327 
4.034 
2.186 
9.235 
15.938 
8.679 
7.338 
9.688 
4.853 
4.976 
6.533 
7.535 
4.500 
4.002 
3.637 
2.468 
3.589 
1.298 
2.987 
6.209 
3.532 
1.150 
1.187 
2.629 
1.698 
9.684 
7.988 
9.066 
3.728 
6.067 
4.829 
8.793 
11.394 
6.285 
26.011 
4.271 
4.531 
1.780 
-0.346 
0.870 
3.315 
1.911 
1.960 
5.246 
4.399 
1.559 
3.364 
5.657 
3.345 
9.163 
3.619 
-0.051 
2.784 
0.673 
7.694 
6.008 
5.055 
5.451 
6.906 
4.445 
6.989 
9.055 
4.831 
20.194 
4.546 
5.546 
4.178 
2.113 
2.205 
1.570 
3.319 
9.443 
2.994 
5.655 
6.303 
4.007 
4.639 
4.279 
8.175 
2.222 
6.317 
3.974 
5.890 
6.895 
5.578 
5.446 
12.004 
3.915 
4.693 
4.280 
2.533 
3.494 
2.685 
7.299 
4.741 
12.996 
0.398 
6.578 
3.106 
3.127 
5.143 
5.144 
3.857 
9.011 
1.843 
4.311 
6.991 
6.184 
9.913 
3.533 
3.333 
9.099 
6.833 
3.865 
6.426 
1.780 
1.995 
6.584 
2.064 
0.207 
7.273 
-0.393 
3.422 
11.271 
8.305 
3.923 
6.539 
4.750 
15.173 
4.651 
6.135 
1.809 
4.654 
4.767 
4.199 
6.863 
7.982 
8.296 
3.579 
6.228 
1.428 
4.313 
4.606 
10.438 
3.720 
6.203 
6.480 
11.135 
4.354 
5.632 
3.334 
5.337 
3.249 
3.310 
6.453 
2.171 
0.599 
15.334 
8.451 
5.821 
3.633 
9.012 
6.399 
2.612 
3.754 
11.872 
4.066 
4.452 
5.003 
6.560 
7.114 
1.800 
2.588 
5.815 
8.528 
2.362 
4.994 
0.475 
3.857 
2.636 
2.317 
7.745 
3.786 
-0.086 
6.651 
7.584 
4.500 
3.633 
7.027 
1.682 
3.059 
3.627 
6.629 
2.561 
6.603 
9.558 
3.245 
3.835 
2.708 
4.469 
4.231 
1.878 
1.238 
16.307 
1.954 
3.991 
7.901 
5.486 
6.040 
4.392 
4.003 
4.199 
4.782 
6.343 
5.968 
6.940 
3.915 
6.738 
5.900 
2.243 
6.074 
6.796 
3.979 
0.079 
6.882 
6.785 
2.960 
6.039 
8.281 
1.354 
8.647 
5.601 
4.128 
7.072 
4.189 
5.437 
4.957 
13.560 
2.988 
2.906 
13.976 
4.247 
6.778 
4.331 
5.532 
1.957 
3.089 
6.929 
6.119 
3.675 
5.878 
2.965 
5.560 
10.941 
6.619 
3.975 
4.651 
5.969 
3.822 
3.410 
5.712 
3.131 
22.410 
6.300 
4.104 
3.858 
1.715 
3.678 
2.102 
7.033 
5.003 
2.740 
2.343 
4.602 
9.533 
4.034 
5.217 
4.384 
3.198 
3.681 
4.576 
4.864 
2.902 
4.642 
4.703 
7.501 
7.369 
4.057 
2.157 
4.483 
3.421 
3.378 
4.752 
3.153 
4.430 
1.282 
2.623 
7.070 
6.273 
3.593 
9.018 
5.270 
1.856 
4.176 
8.130 
5.056 
4.793 
4.657 
1.088 
2.884 
3.561 
3.379 
6.129 
3.242 
10.103 
6.453 
1.978 
4.336 
2.333 
4.876 
7.793 
14.836 
14.050 
6.335 
3.698 
6.154 
1.778 
3.143 
4.925 
3.725 
5.730 
5.539 
5.054 
6.205 
1.061 
9.265 
1.482 
4.106 
9.549 
10.231 
4.916 
6.006 
3.593 
2.821 
5.616 
10.571 
11.467 
1.452 
18.141 
7.518 
5.817 
1.027 
4.683 
2.579 
4.321 
7.140 
4.234 
19.444 
2.313 
1.977 
4.612 
1.039 
5.114 
4.346 
5.673 
6.181 
7.390 
7.798 
4.587 
1.800 
6.203 
5.510 
0.782 
8.238 
5.403 
5.963 
4.651 
4.801 
0.896 
13.256 
11.219 
3.957 
5.589 
8.691 
11.208 
5.801 
2.589 
3.196 
0.257 
12.108 
4.773 
7.658 
5.365 
2.666 
4.742 
2.391 
3.038 
4.472 
3.786 
0.165 
-1.754 
15.785 
7.402 
0.986 
3.155 
3.008 
5.922 
4.575 
4.788 
5.379 
2.839 
9.757 
6.747 
5.861 
1.970 
10.596 
11.390 
2.289 
2.404 
4.455 
2.695 
5.025 
10.102 
9.447 
1.855 
4.096 
6.019 
14.728 
6.061 
2.638 
8.141 
2.132 
4.187 
7.008 
9.224 
4.898 
5.223 
1.959 
15.747 
4.261 
2.146 
10.429 
3.545 
7.079 
1.063 
1.334 
10.539 
4.759 
7.467 
2.685 
5.737 
1.910 
2.797 
2.374 
4.833 
4.981 
5.004 
3.674 
4.793 
5.384 
5.726 
2.831 
5.344 
5.528 
2.197 
7.524 
6.355 
2.820 
4.837 
7.007 
3.776 
2.790 
1.820 
6.496 
7.250 
2.998 
6.439 
7.116 
5.822 
5.776 
10.972 
6.951 
11.249 
10.131 
4.566 
6.239 
6.762 
2.270 
15.005 
4.330 
-2.194 
4.426 
9.044 
11.358 
5.228 
5.049 
1.497 
5.575 
0.869 
7.937 
0.731 
3.162 
9.022 
1.100 
3.954 
6.203 
7.201 
8.960 
2.361 
1.559 
8.376 
8.320 
5.570 
5.192 
5.231 
0.247 
2.814 
2.349 
7.383 
4.393 
11.504 
5.105 
6.207 
4.970 
2.128 
6.433 
4.685 
2.918 
4.351 
8.182 
9.071 
4.778 
4.091 
3.222 
3.177 
6.434 
3.318 
5.975 
5.795 
3.647 
4.128 
6.101 
2.182 
2.359 
5.802 
11.442 
7.729 
1.977 
2.447 
3.827 
4.986 
6.229 
3.014 
9.625 
2.983 
4.562 
13.711 
2.664 
7.541 
6.336 
1.724 
5.226 
7.657 
7.219 
6.398 
9.255 
5.192 
6.440 
2.831 
5.507 
3.983 
3.877 
3.822 
6.406 
0.562 
6.899 
3.267 
3.167 
7.327 
0.376 
11.616 
5.537 
6.547 
6.784 
3.629 
4.598 
1.519 
3.968 
5.125 
4.389 
3.045 
14.298 
2.461 
10.321 
6.422 
12.135 
4.671 
3.870 
4.175 
4.277 
4.912 
7.526 
4.925 
7.020 
5.014 
4.128 
1.618 
4.732 
7.904 
3.865 
2.004 
9.148 
4.613 
3.390 
3.342 
8.251 
9.241 
5.341 
7.520 
3.495 
3.738 
5.007 
1.823 
11.799 
5.945 
4.377 
6.545 
4.305 
7.291 
6.414 
1.018 
3.159 
3.956 
4.340 
7.645 
3.364 
4.493 
3.031 
5.393 
10.828 
1.789 
6.232 
4.977 
6.243 
3.904 
6.516 
0.416 
7.742 
15.225 
3.547 
4.209 
4.598 
1.696 
3.013 
6.572 
1.789 
3.612 
5.151 
2.282 
3.409 
7.109 
8.888 
4.164 
1.686 
4.700 
8.884 
5.561 
6.647 
6.590 
1.434 
4.092 
4.727 
2.461 
6.079 
3.112 
2.599 
7.882 
2.164 
4.112 
14.906 
6.605 
4.580 
5.103 
8.237 
4.181 
3.730 
1.406 
10.198 
3.636 
6.575 
11.302 
3.883 
10.153 
2.273 
9.240 
4.903 
0.846 
6.458 
3.015 
1.748 
7.605 
1.572 
6.313 
4.396 
10.280 
-0.098 
3.995 
7.370 
4.419 
6.129 
4.624 
1.518 
2.017 
4.722 
4.652 
5.280 
1.901 
7.120 
12.353 
7.521 
3.208 
4.630 
1.557 
-0.163 
4.283 
4.780 
5.238 
7.043 
8.170 
10.494 
4.081 
4.265 
5.420 
5.356 
3.768 
5.385 
8.856 
7.744 
1.818 
5.510 
4.857 
4.864 
4.997 
4.190 
10.662 
13.260 
6.392 
4.164 
12.094 
3.691 
8.439 
7.282 
3.107 
1.850 
7.268 
13.771 
9.258 
15.822 
7.194 
6.791 
5.710 
6.276 
9.267 
7.911 
6.068 
3.754 
8.727 
1.483 
3.029 
13.959 
3.273 
4.913 
2.565 
5.577 
5.301 
-0.339 
7.436 
4.205 
2.388 
7.675 
6.893 
3.874 
5.783 
5.743 
1.899 
3.445 
4.050 
4.240 
-1.058 
1.808 
17.821 
6.189 
7.140 
11.782 
3.714 
3.779 
2.829 
3.354 
5.063 
5.403 
7.034 
7.813 
2.813 
2.954 
2.739 
6.012 
2.685 
4.780 
5.623 
6.065 
3.571 
-0.656 
3.526 
6.612 
6.738 
3.076 
4.907 
6.188 
1.612 
3.527 
7.427 
6.571 
4.161 
5.407 
5.823 
2.221 
4.247 
4.350 
13.954 
6.053 
6.532 
9.628 
4.619 
6.913 
3.308 
3.908 
6.159 
5.423 
6.132 
8.014 
1.413 
6.787 
5.059 
6.076 
2.169 
8.237 
3.844 
7.649 
3.070 
6.186 
3.157 
3.640 
12.204 
2.078 
8.420 
5.627 
1.461 
6.834 
7.316 
9.182 
2.032 
10.798 
3.480 
3.090 
4.753 
-0.242 
1.913 
4.557 
8.914 
3.821 
4.254 
5.700 
1.963 
6.742 
4.453 
1.735 
3.796 
4.750 
8.635 
4.633 
2.982 
5.747 
5.194 
3.591 
1.999 
6.452 
1.174 
4.056 
3.559 
7.683 
1.074 
8.163 
4.049 
6.675 
9.504 
2.677 
8.132 
9.574 
5.438 
2.401 
8.857 
7.336 
3.752 
2.930 
5.205 
10.966 
16.311 
6.953 
4.074 
4.045 
1.887 
8.270 
7.714 
6.560 
2.613 
18.033 
2.384 
5.117 
12.266 
4.422 
6.118 
8.037 
3.747 
1.113 
6.550 
3.515 
3.582 
7.285 
2.525 
7.409 
2.631 
7.184 
8.145 
5.041 
4.642 
19.250 
3.903 
4.016 
2.708 
4.243 
5.336 
4.902 
6.106 
3.987 
4.310 
2.824 
3.471 
3.810 
5.742 
1.026 
7.677 
2.381 
6.623 
4.417 
10.819 
6.359 
9.443 
5.207 
7.427 
5.817 
9.054 
3.179 
6.880 
3.486 
4.207 
5.997 
5.658 
4.537 
1.175 
3.562 
6.930 
6.512 
5.618 
1.759 
9.308 
5.231 
4.355 
4.946 
3.548 
2.367 
6.126 
-0.457 
10.448 
3.434 
2.763 
14.318 
7.799 
4.926 
4.031 
1.724 
3.502 
5.095 
4.472 
3.809 
2.128 
6.514 
6.594 
2.985 
2.998 
8.195 
7.082 
6.100 
11.178 
3.396 
3.753 
3.462 
4.085 
0.775 
0.288 
8.540 
10.296 
6.422 
6.347 
7.075 
5.544 
5.404 
1.016 
3.551 
4.249 
9.651 
3.437 
5.322 
6.456 
2.683 
2.946 
5.580 
5.131 
4.773 
2.467 
1.956 
8.513 
6.706 
5.195 
8.754 
6.048 
4.544 
2.731 
12.189 
1.878 
5.960 
3.128 
5.243 
7.013 
6.872 
8.083 
5.077 
2.438 
4.449 
3.433 
2.608 
4.486 
3.996 
5.160 
1.093 
4.044 
15.339 
2.063 
7.384 
5.794 
14.808 
4.974 
6.539 
4.902 
6.278 
4.716 
6.583 
5.237 
4.390 
7.781 
6.795 
4.203 
7.058 
3.285 
6.821 
2.888 
9.007 
9.721 
3.739 
6.902 
5.396 
0.087 
5.489 
8.490 
13.481 
7.840 
8.185 
3.382 
5.786 
5.808 
3.449 
2.037 
6.558 
4.205 
0.732 
8.385 
4.757 
4.279 
6.754 
4.159 
6.768 
6.755 
3.619 
9.630 
9.873 
5.932 
5.358 
0.332 
7.857 
1.689 
3.901 
3.896 
1.603 
5.290 
0.906 
6.154 
8.553 
6.884 
4.235 
9.816 
7.106 
2.492 
3.725 
2.667 
4.152 
5.297 
3.521 
5.031 
8.748 
7.028 
1.782 
7.736 
7.931 
4.539 
6.316 
6.840 
4.500 
1.069 
5.068 
2.266 
2.260 
4.518 
3.902 
12.500 
2.457 
7.233 
2.376 
1.946 
4.264 
3.992 
6.043 
14.206 
5.016 
4.924 
3.825 
7.073 
3.630 
3.251 
2.772 
4.922 
3.406 
7.698 
8.892 
2.485 
5.206 
10.977 
8.522 
3.801 
8.162 
5.190 
5.043 
9.221 
6.697 
2.787 
1.195 
4.285 
6.017 
6.022 
8.187 
3.422 
4.108 
8.678 
6.474 
3.969 
6.177 
7.890 
6.590 
5.075 
10.154 
5.607 
3.849 
4.188 
10.624 
7.448 
8.141 
2.353 
6.446 
2.630 
1.427 
4.317 
3.473 
4.206 
2.083 
3.887 
4.928 
4.231 
6.867 
4.741 
10.263 
4.786 
1.737 
12.866 
6.133 
1.586 
3.484 
9.212 
10.738 
2.610 
10.320 
6.370 
10.716 
3.005 
5.514 
-0.302 
10.740 
8.533 
4.969 
2.713 
4.688 
3.718 
5.918 
7.785 
2.525 
1.517 
2.853 
4.002 
6.366 
4.263 
2.588 
1.591 
2.204 
4.307 
8.532 
2.101 
4.576 
8.378 
3.598 
2.040 
2.521 
3.577 
1.591 
3.990 
4.842 
8.545 
1.686 
4.364 
6.594 
4.339 
7.263 
3.462 
9.112 
9.696 
7.047 
14.144 
4.330 
9.509 
4.613 
4.122 
8.545 
2.365 
7.375 
2.525 
3.993 
6.100 
6.847 
2.649 
4.073 
4.064 
3.138 
6.467 
0.622 
7.317 
5.168 
3.774 
3.219 
4.140 
11.458 
2.399 
5.567 
8.702 
0.988 
7.664 
4.965 
4.455 
3.561 
2.652 
4.408 
2.249 
6.047 
9.501 
2.221 
10.115 
0.670 
1.584 
3.137 
9.082 
7.954 
4.395 
3.823 
3.789 
6.099 
2.053 
7.846 
2.206 
4.918 
3.660 
5.383 
11.497 
6.622 
6.518 
3.700 
6.023 
2.590 
7.022 
10.332 
7.750 
3.218 
5.369 
2.977 
4.109 
11.547 
4.076 
4.831 
0.879 
6.235 
4.287 
3.931 
3.265 
6.141 
3.372 
3.190 
8.072 
6.235 
0.975 
3.894 
4.570 
6.460 
16.022 
10.910 
6.925 
7.568 
2.035 
2.746 
2.898 
5.162 
11.019 
7.527 
6.559 
0.346 
2.472 
7.409 
6.738 
3.483 
3.728 
5.227 
6.534 
3.999 
5.236 
6.979 
6.225 
4.189 
3.432 
6.213 
3.216 
1.951 
4.110 
3.740 
4.825 
5.434 
1.545 
0.808 
4.424 
4.392 
8.203 
3.811 
9.953 
5.792 
3.379 
4.391 
1.395 
3.682 
2.698 
7.792 
1.480 
5.394 
1.052 
3.146 
5.902 
7.790 
8.589 
6.586 
8.280 
9.282 
3.890 
7.713 
1.303 
5.927 
2.425 
2.127 
4.918 
6.872 
2.524 
4.492 
3.582 
4.116 
10.530 
3.565 
2.152 
0.993 
3.665 
4.581 
5.381 
14.461 
8.039 
10.828 
3.553 
2.677 
5.816 
2.100 
-0.204 
5.039 
6.643 
4.888 
3.733 
4.010 
1.402 
4.080 
2.655 
6.328 
5.343 
3.593 
0.308 
6.148 
3.327 
4.370 
5.645 
6.430 
6.289 
3.281 
5.880 
2.512 
9.641 
4.189 
3.957 
3.596 
3.934 
3.868 
6.201 
8.243 
5.482 
7.593 
2.901 
1.392 
8.491 
7.164 
6.205 
3.638 
4.402 
12.273 
4.873 
8.943 
1.066 
4.453 
4.044 
3.166 
11.203 
6.578 
6.684 
3.859 
2.595 
3.534 
21.962 
2.703 
1.879 
3.480 
7.311 
4.347 
7.453 
2.689 
7.337 
1.855 
4.502 
4.756 
2.772 
3.742 
3.862 
7.370 
2.735 
4.901 
0.425 
4.999 
11.104 
2.681 
1.516 
4.956 
6.532 
5.093 
9.708 
3.899 
6.785 
4.900 
6.218 
3.541 
2.299 
6.856 
-0.033 
5.372 
6.857 
5.709 
6.490 
2.195 
8.901 
3.759 
4.939 
5.957 
4.736 
7.088 
7.195 
5.166 
3.172 
-0.067 
5.261 
2.596 
5.241 
8.768 
2.328 
18.181 
13.382 
3.536 
4.700 
4.246 
4.826 
11.429 
4.306 
2.408 
1.744 
2.046 
3.101 
1.778 
2.764 
6.997 
7.054 
1.081 
3.935 
11.640 
3.538 
2.725 
5.934 
9.091 
8.460 
2.971 
8.569 
5.426 
10.941 
6.528 
10.016 
6.309 
23.987 
5.452 
5.779 
12.003 
6.774 
6.738 
8.945 
7.682 
4.580 
1.927 
8.583 
9.816 
1.443 
0.036 
3.825 
3.078 
3.019 
4.661 
2.079 
6.466 
11.640 
4.886 
11.804 
5.193 
12.142 
2.471 
9.478 
6.001 
2.826 
3.208 
5.640 
4.050 
3.935 
3.965 
6.043 
6.162 
4.025 
3.082 
4.529 
6.368 
5.139 
6.167 
3.826 
4.319 
3.871 
7.793 
8.306 
2.123 
3.298 
5.595 
5.052 
7.874 
4.708 
5.189 
2.630 
4.603 
3.022 
1.890 
6.370 
11.864 
18.247 
8.596 
6.151 
7.321 
9.028 
6.283 
6.204 
3.731 
6.306 
7.011 
0.970 
7.336 
15.206 
2.180 
2.647 
2.896 
5.757 
1.460 
6.093 
0.771 
7.583 
3.803 
3.818 
2.623 
2.116 
4.677 
12.497 
7.001 
7.758 
3.836 
0.314 
7.501 
11.631 
3.345 
6.450 
13.150 
10.615 
4.934 
4.833 
5.697 
6.033 
4.078 
1.795 
8.393 
7.507 
8.827 
3.689 
1.149 
4.636 
6.094 
5.787 
4.320 
6.427 
0.135 
8.358 
11.667 
6.420 
8.085 
7.477 
11.679 
3.108 
5.224 
7.731 
6.483 
11.422 
5.351 
2.891 
5.540 
5.471 
8.083 
2.400 
27.901 
2.659 
3.375 
9.837 
8.485 
6.549 
3.698 
8.372 
2.161 
2.552 
4.986 
2.304 
1.277 
5.444 
4.004 
12.724 
4.118 
15.104 
8.744 
9.538 
6.113 
4.704 
3.645 
0.617 
7.329 
6.181 
2.327 
8.128 
6.587 
6.811 
6.211 
6.085 
5.272 
5.995 
2.169 
2.179 
5.834 
5.718 
11.507 
7.944 
0.556 
3.466 
4.672 
2.177 
5.122 
8.114 
6.924 
9.138 
5.239 
2.981 
0.879 
3.424 
2.429 
1.221 
3.766 
8.792 
3.240 
8.911 
4.525 
5.655 
4.954 
5.698 
4.004 
3.994 
6.373 
1.197 
3.071 
3.559 
1.458 
9.959 
9.521 
3.865 
4.041 
4.029 
9.924 
2.879 
14.524 
1.497 
4.133 
6.254 
6.503 
5.986 
6.678 
1.630 
5.748 
6.759 
7.360 
2.405 
3.147 
3.157 
12.112 
9.484 
7.128 
3.769 
3.374 
3.742 
4.325 
2.152 
1.661 
5.183 
-0.892 
1.293 
7.406 
7.094 
7.217 
6.474 
3.685 
2.832 
7.741 
5.751 
4.114 
2.892 
1.653 
4.212 
6.387 
5.293 
6.600 
2.763 
7.090 
8.371 
0.826 
4.004 
4.771 
6.615 
6.809 
4.912 
7.466 
7.450 
3.705 
7.636 
2.906 
3.324 
3.178 
2.364 
8.199 
2.417 
9.175 
3.940 
4.729 
6.841 
1.574 
3.913 
1.910 
9.295 
6.358 
5.156 
11.202 
5.219 
5.380 
7.110 
5.599 
3.566 
5.627 
6.326 
6.235 
5.382 
4.418 
5.339 
2.045 
3.246 
1.818 
4.399 
8.449 
7.320 
1.545 
4.455 
4.826 
9.518 
3.930 
2.500 
6.719 
4.884 
3.511 
2.895 
2.172 
2.429 
10.253 
8.059 
6.481 
3.895 
6.792 
3.031 
4.407 
15.843 
5.923 
5.754 
5.090 
8.471 
5.140 
4.204 
5.006 
12.288 
5.146 
4.568 
3.885 
6.292 
5.057 
13.413 
4.936 
1.965 
4.683 
8.060 
6.629 
4.183 
6.394 
3.657 
4.463 
9.910 
4.318 
8.593 
7.482 
4.401 
3.305 
8.285 
6.388 
4.415 
5.368 
1.303 
4.247 
7.947 
2.066 
7.066 
0.636 
3.838 
3.657 
11.093 
4.383 
2.421 
2.299 
3.781 
14.673 
7.098 
2.335 
1.882 
3.262 
8.052 
4.361 
22.639 
7.751 
7.301 
7.440 
16.851 
4.901 
13.164 
17.173 
2.558 
6.410 
7.319 
5.923 
2.733 
4.342 
9.743 
8.014 
4.534 
7.503 
20.225 
7.377 
5.094 
2.281 
3.105 
2.369 
5.084 
-0.440 
10.528 
5.981 
17.791 
7.526 
1.874 
10.509 
4.688 
2.851 
3.813 
1.210 
-0.341 
2.181 
5.187 
1.090 
3.877 
4.271 
6.174 
6.534 
8.136 
8.456 
5.518 
12.500 
4.403 
1.226 
2.499 
1.254 
3.474 
7.117 
3.479 
4.361 
3.538 
3.353 
2.428 
6.717 
3.634 
4.569 
0.872 
5.046 
3.520 
3.362 
6.384 
6.418 
9.641 
4.123 
5.715 
7.059 
5.855 
4.578 
8.319 
5.980 
2.039 
6.681 
6.079 
8.896 
5.226 
4.903 
6.786 
4.825 
3.189 
6.506 
6.384 
2.561 
5.579 
8.953 
7.118 
12.989 
6.693 
3.509 
5.772 
0.066 
6.601 
4.372 
0.850 
11.924 
11.769 
7.416 
3.379 
6.515 
5.537 
7.599 
3.540 
2.871 
1.437 
2.824 
2.677 
6.631 
6.652 
4.440 
19.019 
4.643 
7.117 
4.107 
4.272 
7.876 
4.715 
2.067 
5.112 
10.681 
7.532 
2.155 
2.413 
6.507 
5.965 
2.317 
5.291 
6.547 
0.830 
2.733 
3.607 
7.495 
3.860 
1.909 
3.606 
7.043 
2.435 
6.951 
7.462 
4.713 
5.844 
3.997 
12.946 
9.572 
7.193 
0.831 
6.450 
10.096 
6.570 
4.216 
10.257 
3.118 
6.438 
3.120 
4.491 
10.127 
2.345 
2.080 
8.671 
6.460 
8.682 
1.314 
4.946 
11.544 
4.836 
4.652 
8.132 
4.787 
3.645 
1.171 
5.405 
9.438 
10.389 
9.364 
7.504 
7.789 
4.177 
9.220 
7.946 
0.691 
6.279 
2.689 
2.360 
7.207 
0.990 
7.842 
8.840 
6.452 
3.027 
6.534 
5.612 
6.235 
4.410 
1.214 
9.143 
4.903 
7.819 
6.705 
1.299 
5.220 
1.328 
10.049 
3.783 
5.516 
6.118 
2.977 
3.276 
1.651 
5.957 
9.173 
9.228 
3.304 
4.628 
1.363 
2.602 
10.225 
5.505 
5.635 
1.893 
16.413 
4.030 
4.532 
3.740 
6.277 
9.277 
0.996 
2.252 
6.732 
5.558 
8.218 
4.877 
4.366 
1.606 
4.985 
1.487 
4.016 
3.592 
7.408 
3.805 
3.055 
6.758 
2.769 
6.161 
7.859 
3.504 
11.265 
4.251 
5.758 
3.785 
5.532 
1.000 
1.986 
4.016 
6.217 
4.962 
2.251 
3.048 
5.302 
3.227 
6.543 
5.128 
2.988 
7.751 
6.660 
3.449 
2.353 
4.143 
3.517 
5.376 
9.167 
2.071 
2.991 
7.176 
4.768 
1.774 
1.466 
7.504 
2.209 
2.098 
5.353 
4.266 
0.745 
4.432 
3.247 
3.961 
3.100 
11.847 
6.010 
3.070 
2.187 
5.049 
6.756 
6.606 
3.329 
6.797 
2.508 
16.043 
11.442 
3.502 
10.222 
4.236 
0.802 
6.530 
1.673 
9.510 
2.546 
0.344 
5.645 
4.266 
8.172 
6.810 
3.728 
5.545 
13.005 
6.206 
14.134 
-0.329 
9.677 
1.248 
4.509 
7.716 
5.988 
7.026 
3.494 
4.376 
8.592 
5.849 
5.132 
3.191 
4.294 
6.723 
3.537 
8.729 
9.354 
5.080 
2.947 
4.494 
8.501 
5.217 
9.625 
4.443 
10.521 
3.164 
2.270 
4.119 
4.268 
3.785 
4.904 
3.021 
12.996 
2.160 
15.795 
3.902 
6.146 
1.419 
2.370 
4.945 
2.983 
5.265 
3.051 
6.790 
3.730 
6.436 
5.026 
7.717 
3.594 
5.267 
1.933 
3.776 
0.436 
3.620 
3.555 
7.474 
2.611 
4.886 
5.083 
8.154 
14.332 
2.182 
4.479 
2.332 
4.633 
6.495 
6.001 
1.582 
1.288 
1.874 
3.732 
3.246 
6.197 
3.148 
13.516 
4.746 
3.212 
8.361 
7.930 
7.905 
1.921 
4.217 
3.110 
7.802 
4.612 
7.762 
1.712 
4.296 
10.247 
4.230 
11.529 
3.788 
3.971 
16.631 
3.951 
1.333 
2.997 
9.459 
2.665 
7.763 
5.369 
8.653 
3.842 
3.983 
11.618 
3.936 
11.876 
4.355 
4.494 
2.358 
2.027 
5.767 
10.372 
3.690 
19.861 
12.455 
4.894 
6.531 
6.209 
4.083 
11.883 
1.752 
7.275 
0.960 
7.388 
4.119 
4.431 
5.547 
4.022 
3.215 
7.766 
1.769 
5.148 
5.523 
2.378 
5.433 
2.408 
3.920 
6.174 
6.979 
12.172 
1.922 
5.297 
4.780 
2.634 
13.266 
4.749 
4.251 
5.199 
5.825 
2.644 
6.521 
4.136 
2.260 
4.987 
13.173 
5.086 
5.082 
7.267 
2.229 
2.699 
5.535 
1.968 
2.111 
4.628 
2.904 
2.057 
14.070 
5.682 
5.018 
4.685 
6.542 
3.247 
5.341 
1.855 
3.372 
5.377 
2.763 
6.024 
14.209 
2.200 
4.619 
5.899 
6.235 
6.005 
5.690 
2.273 
3.656 
5.525 
2.984 
2.875 
10.049 
6.095 
2.783 
8.490 
-1.311 
7.000 
7.270 
9.097 
7.006 
1.878 
3.189 
4.971 
3.682 
7.781 
4.055 
3.043 
6.492 
6.399 
2.156 
5.093 
8.120 
3.947 
5.518 
9.734 
7.885 
3.425 
7.578 
0.885 
5.086 
3.005 
3.859 
5.633 
4.069 
3.252 
6.029 
5.436 
18.860 
5.063 
8.794 
9.837 
5.311 
2.208 
5.429 
8.480 
2.042 
4.198 
2.453 
6.466 
7.127 
9.009 
7.096 
9.706 
8.598 
5.655 
1.854 
4.015 
2.808 
7.069 
5.576 
-0.138 
4.084 
9.502 
8.521 
2.575 
7.365 
4.319 
4.741 
0.446 
2.819 
6.421 
3.908 
8.518 
3.439 
3.974 
9.407 
1.347 
9.121 
10.657 
3.384 
4.559 
10.428 
8.874 
4.464 
8.418 
1.614 
4.021 
2.531 
4.282 
2.370 
3.852 
2.501 
6.716 
3.801 
8.852 
5.318 
7.431 
7.003 
-1.180 
3.754 
4.525 
4.291 
4.760 
3.050 
10.915 
4.680 
9.146 
4.480 
4.358 
6.243 
3.841 
6.783 
3.066 
3.759 
5.124 
7.916 
7.963 
6.507 
3.141 
4.927 
5.759 
8.150 
1.883 
6.564 
7.056 
4.543 
6.734 
6.849 
3.662 
5.086 
4.610 
12.580 
4.411 
2.567 
10.749 
0.030 
3.038 
5.516 
2.565 
0.842 
1.942 
2.314 
7.487 
2.803 
2.210 
8.896 
9.055 
7.156 
4.884 
4.048 
1.500 
3.218 
-0.555 
4.283 
9.140 
7.339 
15.076 
4.520 
5.190 
6.029 
2.522 
3.884 
4.304 
6.001 
7.217 
5.837 
4.579 
9.857 
7.864 
4.081 
6.904 
3.441 
3.625 
3.074 
8.200 
1.824 
4.153 
1.585 
5.873 
1.520 
8.292 
2.530 
11.147 
7.768 
4.350 
5.422 
9.436 
4.279 
4.086 
10.116 
6.429 
3.231 
3.866 
6.880 
4.487 
12.386 
2.988 
3.986 
0.700 
3.735 
4.847 
2.084 
5.530 
1.951 
4.495 
1.936 
2.409 
3.125 
2.860 
4.200 
2.576 
6.198 
11.187 
7.659 
4.175 
8.344 
1.647 
2.667 
7.468 
0.704 
6.784 
3.888 
4.054 
5.561 
3.662 
5.129 
1.467 
4.292 
-1.623 
19.863 
6.943 
1.774 
6.436 
5.783 
5.015 
6.989 
4.860 
9.213 
5.848 
2.998 
1.638 
2.934 
6.991 
2.086 
-0.338 
5.025 
13.318 
8.513 
8.208 
4.051 
3.161 
0.971 
4.520 
3.887 
3.223 
6.971 
2.402 
4.648 
2.929 
1.847 
4.167 
4.473 
3.532 
9.777 
10.223 
2.116 
7.451 
12.386 
5.093 
4.517 
5.271 
5.640 
0.864 
7.854 
3.205 
5.835 
4.511 
6.217 
2.875 
1.641 
0.575 
3.901 
6.070 
6.333 
3.409 
6.188 
3.857 
3.699 
2.315 
7.929 
5.238 
5.572 
1.009 
2.955 
3.125 
5.280 
6.072 
6.151 
7.415 
6.847 
3.566 
2.687 
4.195 
6.763 
5.678 
4.264 
5.733 
3.420 
0.969 
5.025 
4.065 
6.518 
3.352 
4.250 
9.299 
2.887 
2.446 
5.843 
2.908 
9.018 
2.330 
3.253 
3.652 
6.550 
9.101 
4.753 
3.388 
5.648 
7.008 
6.346 
3.005 
8.094 
-0.678 
4.113 
7.082 
4.589 
4.502 
5.570 
2.268 
3.597 
4.506 
4.529 
4.077 
5.803 
3.017 
6.255 
1.377 
4.636 
6.999 
3.955 
6.628 
5.454 
3.367 
16.751 
4.950 
1.318 
1.863 
6.399 
5.633 
1.935 
2.415 
5.827 
5.141 
4.395 
5.194 
5.664 
6.719 
11.348 
12.480 
1.680 
9.026 
1.144 
2.311 
6.402 
5.723 
4.710 
4.271 
3.893 
9.407 
2.695 
4.793 
3.545 
9.690 
12.109 
5.588 
3.555 
5.243 
2.657 
4.223 
7.527 
5.070 
12.282 
4.605 
4.527 
6.597 
7.197 
2.924 
6.668 
4.507 
11.624 
5.890 
8.821 
13.566 
4.709 
6.380 
3.995 
4.175 
1.704 
4.043 
3.861 
5.575 
1.612 
2.315 
5.255 
5.866 
5.625 
8.100 
7.339 
5.720 
6.460 
5.973 
3.031 
4.001 
5.405 
4.818 
4.559 
6.853 
3.552 
0.203 
4.791 
3.472 
3.925 
5.608 
0.723 
3.602 
3.907 
2.182 
6.317 
4.850 
2.410 
2.474 
1.963 
3.042 
2.921 
2.481 
4.877 
8.008 
3.710 
2.922 
4.919 
5.656 
6.131 
4.355 
3.948 
6.017 
4.240 
-0.406 
7.156 
7.494 
4.709 
7.532 
2.225 
12.398 
6.937 
4.372 
2.956 
4.210 
3.342 
7.838 
5.431 
8.767 
5.672 
5.665 
0.922 
4.692 
2.692 
3.640 
6.468 
5.212 
7.611 
5.119 
7.314 
7.877 
5.523 
3.412 
10.191 
5.002 
7.334 
5.552 
8.259 
4.548 
5.640 
3.881 
1.600 
3.852 
13.926 
2.622 
2.361 
1.397 
5.763 
6.410 
6.400 
2.971 
4.050 
6.100 
6.378 
4.961 
8.315 
7.386 
4.724 
3.785 
7.386 
1.393 
8.484 
4.198 
11.087 
1.695 
9.013 
4.660 
5.628 
3.218 
-1.287 
5.892 
2.031 
3.225 
6.210 
1.874 
3.396 
3.027 
5.778 
4.967 
5.138 
3.041 
6.374 
6.423 
1.058 
6.477 
8.823 
3.907 
2.735 
2.864 
5.988 
5.586 
2.061 
5.869 
6.302 
5.110 
2.407 
2.897 
2.354 
4.334 
6.820 
5.284 
3.349 
15.643 
3.283 
5.959 
5.696 
3.554 
3.080 
19.523 
3.948 
2.504 
5.919 
5.150 
0.964 
3.409 
4.946 
5.011 
6.393 
3.796 
5.065 
4.008 
3.556 
1.973 
6.759 
1.778 
5.432 
2.489 
4.938 
3.405 
2.377 
5.276 
5.088 
3.499 
3.886 
4.921 
6.104 
4.399 
0.603 
4.323 
4.815 
11.394 
9.996 
4.658 
1.948 
7.935 
4.652 
5.513 
-0.318 
3.486 
2.985 
4.093 
5.579 
6.141 
2.001 
8.252 
7.105 
3.841 
5.203 
2.667 
5.394 
3.376 
4.818 
4.524 
4.001 
4.279 
5.352 
2.472 
3.641 
2.471 
8.028 
2.060 
2.879 
10.476 
5.063 
11.274 
6.158 
9.454 
5.323 
11.084 
9.736 
2.481 
6.175 
6.353 
3.856 
5.772 
2.774 
7.706 
1.803 
4.911 
3.900 
2.034 
11.971 
4.405 
1.108 
6.833 
8.646 
3.965 
8.849 
3.008 
3.401 
7.785 
4.639 
1.484 
0.247 
1.142 
2.929 
10.306 
1.618 
3.301 
1.960 
4.798 
9.143 
6.258 
1.870 
6.150 
1.291 
5.951 
2.649 
18.360 
5.028 
7.240 
4.926 
3.798 
4.827 
4.159 
4.131 
6.629 
1.551 
7.519 
9.317 
3.254 
2.440 
4.713 
8.060 
3.763 
10.252 
9.013 
8.214 
7.425 
5.169 
5.346 
3.663 
10.175 
5.749 
3.523 
3.854 
8.113 
2.495 
15.733 
6.248 
3.072 
3.322 
5.987 
11.827 
19.438 
4.297 
1.407 
6.797 
3.862 
4.109 
0.945 
2.555 
6.684 
5.817 
4.226 
11.991 
2.786 
7.749 
3.918 
4.539 
3.904 
4.904 
12.629 
4.453 
8.190 
12.823 
4.024 
7.576 
0.555 
4.154 
3.837 
10.548 
3.081 
4.242 
5.281 
6.839 
5.409 
4.925 
8.557 
2.637 
1.434 
4.565 
8.202 
2.422 
12.836 
7.156 
1.769 
3.689 
2.761 
1.032 
5.085 
6.890 
2.678 
4.634 
9.070 
3.521 
11.575 
3.952 
4.563 
11.233 
5.758 
2.342 
6.590 
3.887 
2.332 
2.704 
7.104 
4.159 
8.549 
3.717 
7.263 
5.370 
0.859 
1.125 
6.960 
8.170 
1.959 
3.634 
3.235 
7.596 
15.646 
1.553 
3.412 
3.958 
4.868 
5.020 
0.672 
4.835 
6.622 
7.867 
3.279 
6.310 
5.355 
6.222 
9.916 
6.409 
6.213 
5.459 
9.806 
4.374 
5.725 
2.694 
15.831 
1.914 
2.269 
6.709 
1.330 
5.322 
2.698 
2.215 
6.255 
3.815 
5.747 
13.630 
8.963 
3.417 
3.870 
2.701 
4.901 
5.306 
5.268 
7.186 
4.449 
1.180 
4.119 
6.692 
4.029 
5.501 
3.174 
6.692 
3.188 
13.955 
17.756 
5.908 
3.394 
6.843 
3.148 
4.624 
2.124 
5.318 
6.695 
5.245 
4.284 
6.430 
3.227 
6.771 
5.129 
4.677 
6.564 
4.586 
4.063 
2.153 
0.081 
10.019 
5.352 
8.276 
5.958 
9.842 
2.640 
3.475 
2.375 
3.399 
4.322 
1.870 
6.889 
0.556 
1.986 
10.238 
7.282 
5.159 
1.286 
2.934 
9.014 
3.309 
3.483 
6.787 
5.155 
2.558 
6.717 
2.417 
4.867 
0.929 
8.399 
4.359 
3.110 
7.938 
10.111 
5.365 
2.765 
4.827 
6.130 
9.062 
8.229 
2.447 
7.743 
3.201 
5.918 
5.186 
12.960 
4.185 
4.491 
4.140 
7.749 
4.328 
3.507 
8.214 
7.846 
6.921 
7.344 
8.463 
7.133 
2.869 
8.398 
6.878 
7.889 
2.847 
7.479 
11.651 
5.357 
3.723 
3.865 
2.897 
8.011 
5.924 
7.060 
6.600 
4.646 
9.063 
1.925 
3.644 
5.280 
22.942 
-0.830 
4.850 
1.333 
2.019 
8.584 
6.096 
4.461 
9.077 
10.338 
6.636 
3.931 
6.143 
8.467 
1.710 
2.856 
1.691 
6.046 
2.460 
5.803 
7.580 
2.188 
4.848 
8.231 
5.429 
5.123 
3.605 
6.481 
6.421 
4.190 
4.733 
7.705 
2.515 
8.323 
2.899 
7.169 
2.724 
10.309 
14.609 
6.867 
3.495 
4.286 
5.027 
2.930 
1.899 
9.999 
3.281 
7.478 
8.105 
7.434 
11.972 
3.541 
4.720 
14.949 
5.380 
13.742 
3.091 
6.656 
2.436 
2.659 
6.191 
12.461 
5.271 
7.367 
5.871 
10.936 
-0.003 
6.206 
7.612 
9.400 
1.888 
7.409 
4.333 
0.707 
8.422 
4.178 
5.484 
4.846 
2.220 
4.521 
6.179 
1.034 
3.057 
6.671 
5.813 
4.663 
7.265 
7.953 
3.073 
4.963 
5.779 
9.131 
2.336 
6.234 
1.922 
4.951 
3.557 
9.540 
4.345 
6.031 
6.877 
4.843 
5.552 
2.534 
5.628 
5.985 
4.677 
7.979 
13.627 
8.240 
4.276 
11.042 
5.479 
5.994 
3.775 
4.052 
12.680 
2.299 
3.161 
4.436 
7.525 
5.297 
8.777 
7.163 
0.810 
3.769 
4.637 
6.743 
5.025 
4.489 
3.443 
8.290 
1.087 
8.086 
21.463 
3.978 
3.392 
2.331 
3.451 
4.310 
4.808 
5.193 
2.538 
2.719 
6.006 
6.802 
4.929 
1.435 
3.236 
4.886 
5.962 
7.411 
3.929 
4.633 
9.530 
0.931 
2.726 
3.035 
5.429 
2.706 
8.543 
5.187 
4.013 
5.549 
4.559 
6.209 
8.438 
3.921 
5.809 
1.954 
0.675 
6.119 
1.953 
3.994 
3.476 
4.704 
2.724 
10.533 
3.122 
9.285 
5.720 
5.817 
4.443 
5.976 
2.509 
10.964 
2.950 
4.851 
3.402 
4.848 
4.662 
2.624 
7.869 
4.685 
2.289 
6.335 
11.611 
5.913 
5.825 
3.073 
2.771 
4.686 
6.804 
7.692 
4.877 
3.813 
2.833 
5.688 
4.222 
10.635 
8.072 
3.074 
3.466 
8.852 
3.813 
8.600 
7.591 
4.120 
2.200 
2.854 
6.869 
1.700 
3.741 
3.164 
6.826 
8.542 
3.032 
3.743 
3.858 
5.728 
4.826 
6.096 
5.500 
2.463 
5.994 
2.198 
4.152 
4.181 
7.569 
8.926 
11.446 
4.845 
12.500 
6.060 
4.927 
6.223 
4.158 
4.509 
8.287 
7.467 
1.965 
1.738 
7.313 
5.939 
3.287 
5.678 
9.057 
8.470 
6.620 
-0.858 
4.479 
4.541 
3.025 
7.130 
3.609 
1.869 
7.726 
3.914 
4.314 
5.138 
4.538 
5.843 
4.035 
5.716 
3.104 
4.374 
4.341 
3.759 
2.950 
0.690 
5.004 
4.585 
7.078 
7.448 
12.143 
2.739 
6.542 
5.880 
5.389 
3.242 
5.645 
9.068 
4.044 
3.930 
10.150 
6.278 
3.623 
2.684 
0.203 
2.780 
8.027 
16.973 
4.815 
3.092 
3.793 
0.578 
4.295 
4.745 
6.416 
5.582 
12.178 
9.460 
1.809 
3.289 
4.575 
3.004 
3.907 
6.057 
6.577 
7.148 
4.414 
5.629 
9.830 
7.011 
2.622 
3.512 
10.745 
11.126 
7.633 
6.895 
2.927 
2.334 
1.426 
5.332 
5.588 
6.108 
4.636 
3.369 
1.158 
3.152 
3.461 
13.098 
5.180 
-0.393 
5.523 
3.060 
5.304 
6.029 
10.079 
2.444 
1.973 
7.253 
6.197 
5.805 
4.815 
3.116 
10.268 
5.980 
7.999 
5.019 
6.360 
7.308 
5.667 
3.447 
8.382 
2.609 
8.223 
4.075 
13.275 
4.042 
4.218 
10.704 
5.176 
8.251 
4.882 
3.378 
3.684 
5.483 
3.159 
7.623 
2.614 
13.755 
5.034 
4.912 
2.377 
7.004 
5.858 
2.677 
-0.241 
4.266 
4.553 
11.783 
5.071 
4.171 
4.112 
1.690 
1.812 
6.775 
2.965 
5.706 
4.676 
4.806 
3.617 
6.449 
5.531 
3.392 
7.858 
3.694 
5.454 
7.180 
2.956 
3.099 
3.288 
5.460 
4.020 
2.299 
-0.568 
4.516 
2.079 
2.892 
0.735 
2.449 
1.526 
4.300 
1.077 
2.022 
6.357 
6.859 
5.100 
5.462 
3.080 
4.383 
6.251 
4.803 
3.587 
3.020 
7.843 
2.880 
6.657 
4.749 
4.944 
2.612 
8.425 
2.322 
4.497 
2.445 
0.586 
5.401 
21.385 
7.713 
6.109 
3.502 
7.351 
3.611 
4.233 
4.712 
1.837 
3.391 
2.476 
5.218 
1.010 
0.803 
5.211 
3.585 
3.789 
5.108 
3.672 
5.595 
2.786 
13.468 
20.301 
6.020 
4.862 
3.349 
0.037 
5.325 
9.527 
6.259 
2.193 
5.772 
12.305 
1.967 
-0.259 
4.800 
5.966 
5.702 
8.203 
3.606 
2.746 
6.344 
8.693 
4.140 
11.658 
4.217 
-0.127 
1.335 
2.650 
11.119 
6.160 
8.822 
2.638 
3.383 
7.011 
14.402 
8.605 
4.838 
4.923 
3.167 
9.713 
2.184 
6.357 
9.780 
4.442 
5.470 
6.106 
4.639 
6.793 
4.070 
1.419 
6.862 
6.585 
5.744 
0.917 
2.969 
7.471 
2.072 
4.705 
5.490 
6.242 
7.237 
6.057 
8.272 
5.165 
2.972 
0.003 
3.534 
8.063 
8.680 
0.892 
4.682 
6.337 
2.044 
5.036 
10.064 
5.040 
11.018 
3.405 
10.618 
4.043 
6.033 
2.766 
10.231 
7.019 
5.300 
5.161 
4.284 
4.383 
12.616 
4.660 
3.219 
3.631 
9.517 
6.627 
5.477 
4.551 
11.633 
12.332 
3.297 
3.544 
10.927 
4.181 
2.479 
4.470 
2.611 
8.903 
0.765 
5.205 
3.749 
5.695 
4.703 
3.520 
10.167 
2.231 
4.272 
4.274 
7.505 
6.166 
6.002 
9.211 
2.503 
1.243 
2.838 
6.279 
4.371 
3.441 
1.476 
11.666 
6.004 
6.574 
8.406 
4.105 
2.990 
2.666 
5.141 
8.164 
4.411 
3.265 
5.381 
4.069 
4.338 
1.379 
2.011 
9.197 
3.933 
5.757 
3.438 
4.735 
6.489 
0.141 
6.564 
9.032 
3.153 
5.921 
8.333 
2.082 
-0.091 
2.413 
5.394 
3.966 
0.309 
5.913 
6.339 
2.355 
9.315 
3.823 
6.778 
5.541 
4.103 
-0.098 
5.586 
1.297 
8.720 
3.335 
9.452 
11.087 
4.527 
3.394 
6.406 
7.707 
4.069 
7.851 
9.783 
4.650 
4.045 
6.521 
2.101 
3.643 
3.532 
1.728 
5.125 
4.570 
3.412 
8.210 
6.502 
7.858 
4.068 
2.000 
5.036 
5.464 
4.940 
4.591 
6.243 
7.501 
4.460 
4.349 
3.180 
4.025 
4.269 
6.157 
2.076 
1.902 
7.682 
2.829 
4.269 
3.275 
7.273 
3.594 
8.997 
3.992 
5.368 
4.960 
4.166 
2.232 
6.944 
7.515 
2.248 
1.085 
10.757 
5.006 
5.683 
4.199 
4.981 
7.456 
13.905 
6.327 
2.853 
7.735 
7.571 
6.524 
4.264 
6.715 
5.187 
5.410 
3.564 
5.703 
1.024 
5.121 
4.241 
3.559 
